
10 10 10 -416.4235354884026 -337.86111213681045 
{6.371052026748657}

5 10 10 -19493.934692795396 -8338.968762419625 
{22.642580270767212}

5 10 50 -143970.9412868937 -67797.19647831551 
{22.393128395080566}

5 50 50 -3690624818716.381 -1241627472140.1501 
{26.624576091766357}

5 50 100 -29048348380857.816 -13122847028407.295 
{38.31524038314819}

10 10 10 -11064.093398891122 -7122.421544390143 
{16.062586545944214}

10 50 50 -2332565076324.5366 -639505955523.675 
{30.33124017715454}


10 50 100 -45331082952522.27 -13867904063769.355 
{60.88688921928406}
